119190
119200
119210
120120
121300
121310
165080
173750
194120
206320
206330
206340
218740
218750
226980
226990
227000
242420
242430
242440
244710
246060
249910
249920
258100
258110
258120
258130
258310
258320
268320
268330
270650
270660
273120
273130
273200
273410
273420
273430
273440
284500
284650
288430
300560
310010
310230
321430
323330
338890
341030
341040
352690
352700
352710
352720
352730
354380
374530
374540
374550
374560
388520
390610
392810
392820
406120
407680
407850
410340
412710
414670
417980
418680
430680
430690
430700
433880
434040
434050
445320
445370
446490
446500
446510
446520
446800
466100
482230
483410
483420
483430
485580
501510
503760
513920
513930
515600
515630
515980
516170
516180
516190
516200
526310
526320
526330
526760
527450
527460
527470
527510
527520
527530
527540
530360
556330
556340
557470
569780
579560
580830
580840
596330
609970
611090
611100
611300
623780
635820
637870
637880
639250
654220
656240
666000
667510
668450
668460
668530
668690
690120
703860
703940
703950
703960
709090
722660
734660
734830
734840
737410
738770
749720
750500
760880
760950
773900
782000
797350
797360
799400
811460
811470
813740
813750
813970
816060
823780
824780
824790
825390
827250
827500
828570
828770
828780
839770
842870
842880
842970
842980
842990
843000
848670
848680
863650
863870
867230
867240
867250
886010
886020
886100
897950
901060
919090
936690
941020
954640
954650
957730
975890
975900
975950
975960
975970
975980
988820
988830
990560
990630
990640
990650
994120
994130
994210
1006050
1006060
1006110
1011780
1013560
1025890
1025990
1027660
1037630
1053500
1084360
1084370
1084500
1088890
1089670
1092580
1092590
1092600
1114590
1116340
1117160
1118930
1119870
1121580
1121590
1142980
1143690
1144840
1144850
1145380
1147140
1148080
1148090
1150450
1150460
1150690
1152460
1173500
1173510
1177850
1180590
1180600
1209300
1209310
1210850
1210860
1210870
1210880
1212000
1213300
1213660
